1000 9882
160 950
233 768
366 36
316 713
850 657
561 962
600 920
275 84
901 392
226 570
189 422
303 418
643 205
401 350
42 88
820 111
203 167
169 859
740 390
566 526
402 211
277 805
758 294
868 290
338 725
924 76
415 619
59 329
240 63
227 267
398 974
647 333
682 909
559 145
320 22
321 707
537 947
919 41
562 294
709 661
231 209
658 853
75 941
442 408
315 154
980 152
605 373
73 92
1 495
473 730
884 828
153 212
465 666
50 884
529 994
162 269
201 369
386 453
560 952
559 698
570 353
685 112
997 814
875 654
347 41
385 308
168 676
868 733
674 370
396 908
609 687
703 749
210 434
252 217
381 315
384 891
302 953
458 731
461 468
669 175
983 435
401 425
682 842
372 832
657 570
48 534
947 674
730 94
267 756
342 168
751 836
575 106
389 809
835 505
104 269
892 254
964 659
307 176
769 923
184 165
494 582
394 832
342 906
347 800
387 153
248 711
256 534
556 463
752 375
57 635
244 563
465 826
788 704
584 868
808 312
990 64
575 558
875 256
732 655
344 888
217 494
715 347
365 734
5 925
887 633
563 95
508 862
454 284
573 202
595 366
304 437
893 621
328 315
698 469
560 836
328 138
93 918
7 330
45 19
373 390
642 231
236 898
475 346
806 932
776 865
122 163
466 891
818 484
920 364
115 96
243 87
690 682
603 759
340 791
876 705
163 822
363 343
989 510
721 768
918 822
778 217
245 926
730 766
824 631
253 419
578 570
977 637
180 318
111 170
494 38
59 808
525 862
700 747
261 742
712 394
986 41
513 687
20 457
820 176
361 826
215 702
638 108
762 643
155 339
872 223
29 310
365 382
77 522
376 953
388 596
268 545
913 284
861 766
164 402
921 825
446 592
216 65
911 686
352 513
353 312
448 20
691 464
585 629
344 165
975 671
827 528
277 575
848 533
813 541
684 782
540 362
317 959
447 880
109 701
314 679
866 856
831 990
429 54
487 448
35 195
628 706
719 181
442 195
741 941
44 403
724 221
206 671
785 439
35 80
883 436
645 835
336 593
968 406
508 439
264 435
20 843
537 423
385 82
810 917
794 318
518 901
965 311
310 20
58 117
25 868
651 232
860 162
293 879
276 19
370 146
116 850
651 121
870 335
447 490
30 6
103 628
198 932
966 818
350 739
744 298
446 214
618 271
463 157
911 296
487 874
327 721
937 677
475 866
573 997
134 371
138 894
68 755
509 259
823 637
630 837
955 685
575 204
428 747
358 876
696 811
836 264
481 572
154 43
542 112
57 977
648 236
481 685
322 439
52 860
454 152
299 909
172 923
274 325
758 485
748 203
970 221
753 527
790 416
258 241
900 288
60 69
978 576
908 795
382 808
681 407
644 813
297 414
642 481
468 337
418 634
680 89
24 989
795 302
760 487
923 495
183 810
508 757
823 334
95 813
793 783
90 608
483 977
76 800
300 152
48 193
729 718
660 456
737 235
258 676
560 876
671 72
283 795
861 33
517 944
440 730
295 356
603 246
552 623
493 427
681 781
150 728
447 14
197 723
480 444
76 484
938 475
208 180
484 1
980 910
582 718
531 680
933 708
626 854
935 442
294 262
705 621
811 389
11 480
255 983
73 831
677 253
778 322
318 27
1000 78
492 282
532 292
56 469
610 516
611 293
100 806
839 307
880 258
806 30
437 585
277 804
222 756
878 431
468 945
89 444
972 321
833 13
768 539
766 893
674 727
532 745
294 108
920 829
813 980
886 10
524 521
544 183
843 971
505 29
25 3
967 335
498 523
825 687
577 433
745 823
546 928
249 32
925 887
306 233
749 659
255 222
990 135
684 982
211 92
28 638
782 659
913 800
36 376
532 958
558 186
616 871
801 939
938 950
716 199
150 184
858 771
196 430
590 762
499 119
634 518
428 73
672 791
304 934
295 443
797 597
729 859
470 935
141 765
882 415
858 635
443 509
836 124
855 304
451 22
676 709
312 432
261 281
669 396
397 841
120 885
860 951
312 287
241 335
497 805
833 643
427 190
673 826
493 698
414 840
617 10
65 938
247 454
270 267
720 138
242 194
226 735
427 348
545 81
747 919
930 429
15 125
971 283
422 81
110 434
948 57
713 916
881 106
991 229
424 373
833 207
302 634
895 931
951 795
165 130
249 369
857 114
126 705
142 146
625 254
153 635
226 3
853 486
674 763
643 376
835 820
396 184
349 248
279 48
724 484
671 575
196 605
356 181
161 431
814 549
611 874
28 368
154 105
993 62
101 553
916 826
658 600
823 182
865 100
154 779
619 437
614 711
948 945
257 2
974 177
892 684
172 411
245 635
52 433
563 538
693 727
828 590
297 914
462 500
876 706
212 135
495 116
245 925
445 313
594 694
574 480
394 350
950 379
451 708
441 921
216 663
470 28
572 869
830 364
182 596
768 365
808 842
971 438
735 401
518 441
721 195
178 465
617 498
981 881
35 987
255 636
75 458
276 547
479 100
263 552
670 407
639 730
431 385
859 458
481 640
703 341
579 987
123 439
655 406
880 330
386 693
739 1
632 943
744 681
908 530
123 292
911 681
697 757
296 186
669 615
217 813
72 641
948 418
911 734
867 306
201 126
322 741
638 390
165 873
334 688
979 317
887 604
154 67
549 243
148 700
12 99
286 582
474 942
440 882
573 350
810 880
390 672
201 191
276 335
22 447
524 21
750 965
558 199
745 331
347 773
201 409
774 356
557 108
599 657
133 93
534 292
183 398
846 122
25 788
100 376
686 483
779 143
229 92
655 528
693 461
786 673
841 602
695 275
955 462
629 539
243 336
704 718
264 715
925 234
174 241
993 736
686 70
685 746
946 938
76 167
808 705
672 912
436 239
954 620
299 337
262 615
843 796
40 607
856 744
551 436
937 352
890 515
923 554
677 366
678 57
644 121
256 810
459 885
723 672
243 938
834 283
799 946
231 457
674 688
130 658
425 822
800 262
909 476
669 903
780 335
636 625
801 684
514 447
201 1000
849 820
683 704
525 29
247 641
361 722
785 368
331 45
364 483
449 809
376 497
840 384
73 384
917 373
556 475
171 639
101 498
471 192
163 147
515 326
243 97
30 905
569 529
917 87
10 149
301 914
530 988
710 630
517 738
954 972
883 94
993 546
703 715
660 158
437 99
574 636
21 356
425 945
492 629
642 528
238 113
4 745
441 977
510 396
946 846
752 641
320 573
391 822
712 451
74 996
517 166
214 639
350 905
483 40
213 415
895 663
752 623
109 30
665 892
632 777
212 729
367 512
716 153
580 949
886 873
990 922
901 730
667 276
960 282
122 61
69 466
715 32
455 741
293 154
430 477
303 849
883 819
593 797
102 501
249 39
361 573
163 371
386 14
619 170
787 762
992 888
818 820
796 628
582 77
596 319
386 336
940 655
679 522
58 456
556 447
16 656
478 869
793 277
975 308
363 52
189 772
63 831
135 482
158 1
343 31
860 363
898 584
807 305
281 634
357 431
238 418
699 924
648 666
556 3
298 799
243 629
342 460
803 682
20 320
26 901
243 441
692 370
118 830
752 685
694 768
53 184
570 786
80 234
833 428
794 858
907 585
213 450
105 585
911 1
824 153
720 26
427 492
377 713
643 716
401 201
165 304
787 317
812 985
887 55
70 759
622 832
551 380
368 19
631 50
123 907
677 800
718 946
240 93
312 698
98 87
320 197
666 696
278 194
653 910
250 253
586 371
658 804
326 190
165 884
149 607
294 600
151 417
926 889
6 686
140 716
33 873
473 651
737 854
754 780
292 177
447 943
767 22
749 519
500 27
334 45
468 505
378 449
148 511
353 847
172 261
654 725
604 256
20 689
314 82
560 934
79 342
228 572
926 309
716 936
347 55
572 580
685 995
372 482
428 332
46 615
747 566
967 761
824 633
892 157
408 472
681 836
686 567
385 999
512 470
90 206
146 684
755 208
831 175
155 902
427 157
786 604
255 793
823 539
425 396
522 34
178 748
21 638
192 560
588 163
342 202
837 44
695 754
868 134
797 158
711 312
344 282
604 648
703 340
624 364
108 418
122 254
991 105
905 374
909 294
360 659
568 408
424 112
444 83
321 792
969 660
516 239
274 750
789 599
898 157
832 140
961 808
815 61
620 43
378 842
127 117
205 811
743 303
404 551
530 321
318 948
706 911
534 249
597 599
361 279
864 490
855 617
559 655
852 379
690 362
763 800
529 936
694 354
667 550
620 638
915 736
326 753
718 151
385 193
849 292
262 137
745 219
51 998
432 164
385 231
388 567
171 321
507 361
396 854
92 190
220 690
422 722
884 345
152 402
122 640
360 21
401 597
475 868
114 28
116 626
217 733
747 423
773 326
186 608
939 98
560 285
122 610
69 953
603 145
587 564
170 60
769 592
554 454
4 955
510 451
322 109
375 410
549 705
271 335
846 721
691 272
801 464
969 598
36 635
496 96
647 881
607 926
472 457
911 573
787 515
662 765
776 272
135 535
232 932
819 402
107 100
254 277
500 570
274 613
168 224
538 668
11 666
984 322
92 327
787 737
577 757
615 917
818 596
232 834
896 659
40 329
137 849
680 822
567 839
571 128
58 309
774 551
496 778
889 805
676 472
859 653
254 209
951 85
438 8
252 242
828 640
450 922
946 140
638 59
909 577
570 315
932 678
58 23
315 684
63 205
35 503
972 586
521 742
189 848
337 69
951 701
567 267
815 893
707 156
194 889
399 218
835 67
740 61
264 887
551 872
307 955
422 472
333 755
190 68
542 505
640 353
492 276
330 587
114 482
617 457
29 331
714 725
566 402
773 92
852 571
526 828
731 718
736 980
878 275
716 154
240 163
195 925
89 386
587 399
588 988
519 848
386 890
958 314
356 744
654 19
268 378
8 994
64 255
887 737
109 609
277 629
419 786
692 608
822 979
294 354
135 904
837 254
320 911
362 158
509 349
917 694
760 261
67 639
783 873
988 237
571 319
720 915
365 938
24 682
131 867
776 761
376 125
159 36
16 830
76 959
921 77
449 860
266 826
874 23
581 231
850 44
798 276
436 765
43 309
141 844
401 755
882 492
555 414
811 808
557 196
266 495
820 522
512 459
967 677
806 749
219 389
361 15
263 462
211 873
214 152
73 840
402 878
6 372
412 187
626 203
644 510
713 32
6 263
883 422
549 633
673 26
1 315
214 122
716 472
989 972
539 625
48 284
247 230
697 509
517 42
735 258
459 990
830 35
299 553
856 666
288 198
166 215
4 2
50 320
625 892
697 735
350 23
776 202
463 860
448 11
195 774
39 905
120 627
709 741
490 301
537 908
790 366
554 119
60 15
862 428
131 972
102 353
504 240
306 282
309 905
898 118
206 259
514 812
73 462
571 347
185 516
437 503
800 241
749 24
720 669
225 485
244 263
411 81
985 783
657 621
203 710
665 477
512 312
307 676
113 725
989 620
441 46
538 809
498 9
171 501
43 509
546 219
362 616
128 416
310 984
812 378
389 455
860 622
676 882
129 522
973 137
715 66
65 948
212 973
768 367
130 840
591 513
789 535
242 228
484 825
307 864
444 881
311 824
848 204
605 980
986 854
240 156
611 383
443 497
425 62
134 726
504 737
655 400
553 314
152 785
482 40
678 98
169 434
443 703
763 374
658 246
970 164
878 549
383 73
511 4
452 353
4 260
776 373
870 597
762 66
355 488
191 886
819 441
969 356
145 346
2 229
603 370
852 55
945 499
913 861
953 984
223 550
365 848
331 704
170 846
409 142
600 183
88 459
269 650
58 687
813 333
227 768
988 213
250 722
895 294
884 21
23 605
101 301
358 340
73 708
292 546
811 594
870 499
817 197
176 203
855 261
819 787
894 501
882 421
681 790
741 366
543 440
357 405
310 821
349 977
578 541
688 197
297 873
949 226
246 550
816 793
30 295
967 514
949 19
473 330
254 705
609 950
693 30
949 388
329 779
19 67
627 278
904 662
95 852
96 862
597 498
212 592
817 786
165 358
425 137
647 594
227 53
194 470
412 385
136 977
5 286
635 1
468 920
251 280
228 1
456 864
211 75
995 905
781 318
765 783
108 22
118 91
305 734
947 91
362 409
218 869
993 297
767 459
847 291
995 756
83 398
581 371
598 563
417 710
608 575
291 796
903 418
698 612
546 893
504 40
488 749
213 640
469 886
128 526
864 574
487 374
605 15
932 449
573 465
991 806
903 320
997 677
618 170
379 754
408 490
37 692
258 675
831 546
872 529
342 136
239 215
756 419
811 444
577 816
309 971
708 462
246 577
765 171
268 516
396 996
953 289
333 63
850 875
393 890
780 578
12 724
142 607
842 775
220 663
66 109
977 116
836 313
307 525
163 721
717 106
445 935
981 725
484 915
489 547
695 535
474 137
989 886
459 215
137 95
177 846
397 661
77 749
649 500
961 314
123 19
198 579
253 830
42 215
705 829
838 627
685 150
235 714
611 318
273 58
950 796
938 828
407 19
601 30
430 368
621 163
476 502
203 278
335 317
264 402
601 399
92 518
553 44
44 673
649 513
637 894
429 857
891 594
13 410
287 335
681 496
130 406
719 328
653 74
287 917
532 953
681 257
455 922
41 994
81 573
596 116
597 669
767 205
602 384
75 655
884 943
300 232
638 378
112 648
663 375
722 118
693 752
340 904
768 681
641 349
845 917
194 521
11 69
929 474
624 749
175 830
396 569
171 379
997 955
751 140
239 88
901 677
993 588
703 745
775 140
9 501
63 142
125 833
863 983
898 761
630 998
59 575
114 340
47 762
12 847
105 83
604 785
806 637
954 704
152 378
751 979
492 789
731 271
471 520
664 324
83 812
726 6
998 795
820 79
397 266
679 180
921 944
424 376
795 923
570 392
191 494
964 814
144 631
113 342
187 971
875 965
278 486
778 982
800 98
307 82
255 264
956 893
39 977
463 863
657 184
506 254
325 858
108 94
273 183
402 469
169 486
239 885
705 325
581 442
49 281
109 725
790 222
888 744
555 398
432 382
75 730
421 570
483 925
232 667
874 342
927 480
586 162
741 518
16 795
111 754
288 33
576 355
315 265
943 763
380 721
200 87
932 360
129 77
458 858
868 622
775 978
390 116
103 511
788 303
517 663
510 455
665 476
125 244
253 447
958 970
927 949
513 897
841 524
327 745
203 551
43 62
800 595
968 905
808 958
915 130
642 726
80 855
721 183
635 937
356 158
711 532
208 925
706 180
617 503
322 141
950 523
990 740
351 42
868 128
293 72
872 195
838 132
69 741
195 566
271 373
701 480
928 68
839 406
967 93
491 300
843 83
41 493
577 163
503 810
230 907
748 844
914 250
936 350
212 497
359 322
786 448
681 46
754 588
22 886
209 961
250 287
783 541
53 880
221 494
300 515
192 156
156 639
675 729
533 731
880 777
364 506
737 880
747 293
866 852
650 793
862 344
999 16
412 768
474 941
914 702
679 962
168 292
758 160
143 21
935 600
654 516
326 981
220 72
22 434
979 909
604 486
822 341
205 365
940 992
44 173
966 532
823 949
168 721
926 422
177 357
652 720
419 416
348 458
497 896
650 300
600 867
306 978
823 859
55 717
964 639
190 332
126 914
785 896
20 139
59 615
617 177
447 244
431 723
488 507
713 742
558 32
627 360
683 458
996 19
299 453
797 94
570 968
754 93
59 33
350 912
976 495
977 954
905 37
356 257
70 531
956 592
294 75
652 928
389 877
503 323
236 190
554 87
458 320
900 127
259 369
80 466
874 968
319 637
948 355
491 264
971 2
238 519
277 893
903 985
939 544
733 88
616 715
696 363
420 875
615 544
619 933
568 293
281 165
743 508
31 960
36 938
773 587
151 491
743 333
321 516
28 950
715 756
917 656
652 227
211 53
895 620
359 213
988 267
951 433
2 1000
573 383
810 851
392 916
541 961
49 3
33 902
729 673
487 369
867 751
698 771
183 201
115 175
44 145
988 17
569 534
590 956
862 929
646 882
206 901
413 245
552 595
423 444
229 125
600 895
711 809
197 735
860 305
382 325
521 629
523 163
228 187
764 853
655 998
218 113
756 753
873 827
40 561
686 847
156 174
232 921
824 128
790 917
238 854
664 361
335 466
338 940
319 691
380 419
795 211
539 516
591 967
778 672
27 77
273 691
360 975
976 952
429 549
481 340
166 268
424 443
577 107
895 839
311 438
312 528
424 74
355 466
235 792
925 962
396 144
511 249
114 823
761 208
173 450
637 893
505 402
268 90
344 784
45 412
843 470
349 1
733 703
343 615
82 818
734 140
791 223
779 703
687 286
266 966
453 372
236 516
37 629
900 949
993 623
182 673
606 725
2 895
222 706
225 366
634 5
707 574
92 250
902 357
850 42
793 490
813 513
343 427
626 517
932 708
98 822
390 24
567 504
860 358
661 115
737 469
132 615
262 998
397 837
402 733
557 339
265 211
266 380
626 886
293 517
8 651
925 64
412 181
327 298
807 28
940 321
242 254
170 99
341 250
402 14
792 442
425 183
821 555
651 577
71 418
243 460
204 789
190 832
528 895
912 734
680 586
247 774
468 977
930 762
808 430
58 853
922 698
527 865
985 218
697 590
493 531
296 81
829 89
245 146
230 718
970 959
162 870
692 923
454 390
518 831
260 603
941 937
1 605
93 207
688 958
149 717
791 114
171 781
596 26
248 136
927 338
35 298
254 418
607 506
520 958
728 769
455 912
289 587
684 724
296 685
7 321
474 667
935 570
613 428
405 247
101 152
910 342
24 469
722 212
924 696
82 311
465 69
525 631
612 763
546 692
390 151
217 597
694 961
272 882
702 460
280 285
318 501
341 956
747 841
734 829
492 440
561 482
811 52
425 497
152 343
561 525
696 788
894 923
454 516
789 533
721 199
960 921
997 402
356 366
14 236
273 854
716 510
386 623
449 53
639 710
35 940
142 80
859 462
193 8
800 16
568 44
217 130
792 692
813 886
762 878
999 591
601 36
583 908
490 621
952 826
705 6
287 480
847 814
201 871
679 526
168 120
294 744
830 910
712 700
680 979
386 66
577 381
500 164
282 19
876 207
877 40
532 899
795 339
250 510
197 258
953 847
81 516
524 898
62 961
980 332
504 125
638 288
253 798
469 779
107 925
818 306
568 821
236 995
440 596
124 668
840 213
951 227
188 653
930 224
121 726
340 816
769 120
2 585
977 509
63 880
986 325
695 367
220 653
828 844
389 424
845 15
96 626
81 482
118 194
323 317
950 714
690 601
547 618
55 771
705 678
474 269
854 1
195 644
696 927
968 644
643 760
347 577
97 662
282 512
86 238
658 423
92 879
187 901
133 343
374 213
446 742
711 174
490 574
199 986
498 721
299 896
655 359
127 308
18 808
681 248
574 333
500 410
616 451
89 325
252 791
40 159
102 461
36 939
558 816
70 254
442 369
117 177
227 977
12 3
286 422
767 43
774 651
499 497
335 159
196 439
90 734
571 133
646 593
758 981
615 116
582 263
676 968
245 575
907 20
638 62
305 378
739 700
257 511
314 248
283 345
51 967
603 306
388 952
345 550
487 935
534 708
225 668
544 836
559 883
640 215
822 195
551 899
608 347
684 224
150 844
526 711
488 73
878 218
340 443
661 304
354 526
975 912
376 766
218 225
806 422
152 655
483 223
263 645
53 209
360 84
5 94
647 547
136 131
781 749
929 858
1000 218
223 22
928 30
436 493
584 281
496 48
155 399
619 610
625 213
871 745
688 781
965 515
681 212
700 336
866 72
313 824
347 341
338 497
287 440
288 522
400 212
383 3
535 390
447 929
739 315
335 428
563 968
247 752
172 750
736 531
143 821
572 137
738 225
279 309
232 786
619 174
989 889
909 222
841 248
519 566
205 577
353 950
503 46
628 263
543 999
278 870
337 474
814 916
799 192
35 111
309 596
314 954
222 707
794 448
7 493
284 790
728 580
660 489
849 464
872 527
10 290
603 737
548 294
788 277
113 605
575 915
751 803
759 281
1000 631
671 329
472 699
34 926
162 203
806 736
988 250
943 952
233 321
147 210
475 673
316 747
703 969
100 18
750 428
937 625
169 927
649 389
498 853
392 186
726 149
85 275
831 668
548 841
773 44
497 395
460 281
749 157
733 262
556 579
192 758
549 646
878 306
78 954
139 814
585 754
921 983
397 490
588 963
183 569
476 549
446 357
652 608
139 245
645 405
334 558
156 742
252 716
588 673
545 754
975 208
170 873
427 731
118 675
232 782
875 36
378 532
941 177
620 880
871 129
37 761
392 828
158 839
529 593
713 140
860 306
274 9
112 773
524 332
922 56
803 415
953 494
717 381
534 285
742 144
362 708
381 360
693 779
775 242
335 651
547 787
767 692
391 1000
77 960
498 151
815 822
617 219
449 377
346 995
988 598
963 880
877 810
824 202
591 664
652 960
139 111
194 94
342 206
72 500
203 148
421 213
367 617
133 225
636 166
917 677
496 233
800 178
198 280
863 30
204 905
633 521
939 454
265 539
819 156
877 366
71 187
517 301
665 606
959 33
929 351
614 754
944 970
597 896
652 569
857 883
749 709
914 410
663 245
577 380
540 352
245 486
71 352
67 794
361 761
678 466
774 797
31 780
586 117
845 744
222 633
870 773
562 202
505 683
765 17
166 864
480 487
523 99
934 891
746 910
693 645
129 62
349 667
758 633
283 821
146 859
441 365
266 64
983 205
630 913
785 868
681 795
269 596
695 417
875 209
88 189
212 782
337 962
472 627
149 615
437 443
919 779
298 979
526 667
405 563
557 555
389 478
592 898
773 211
354 333
782 291
626 97
437 718
798 713
142 45
471 931
700 623
484 574
721 503
696 254
175 28
69 505
382 624
862 190
593 923
443 732
691 50
161 855
719 448
919 2
904 809
871 261
965 832
141 190
861 879
323 430
490 493
684 1000
973 929
120 797
657 416
179 996
880 823
2 119
921 347
650 827
596 83
710 943
533 622
954 405
202 670
244 53
318 788
799 361
466 27
49 1
235 474
419 147
495 868
261 764
266 770
654 657
683 7
918 794
654 768
794 707
182 1
556 246
262 488
358 710
663 931
741 399
210 457
525 958
116 489
159 384
966 784
349 818
100 488
873 168
160 973
474 229
590 207
630 776
9 184
542 82
656 977
882 57
385 749
939 66
41 846
651 726
817 674
935 150
26 745
833 372
262 580
168 698
599 357
701 437
359 593
678 975
402 202
938 936
153 752
66 895
566 688
300 167
2 390
700 337
159 939
633 690
226 232
541 639
174 888
456 88
909 76
53 950
2 168
222 791
151 265
227 639
893 578
505 257
13 488
182 417
577 725
154 142
563 870
861 21
172 286
970 703
755 703
3 460
923 751
673 752
306 551
257 425
578 783
515 636
176 7
565 563
16 976
751 280
220 336
224 787
506 85
928 657
750 736
474 423
534 737
132 609
923 954
194 806
806 737
256 141
315 938
819 985
7 944
215 224
380 140
128 375
574 748
226 614
47 628
114 435
133 123
1000 400
639 863
711 450
877 982
40 653
374 900
898 905
792 444
484 656
968 733
458 311
574 89
367 709
529 55
722 852
122 888
807 717
908 975
499 846
260 144
27 167
100 599
566 668
27 84
286 85
781 323
310 852
239 769
648 392
278 199
629 632
192 4
535 296
553 158
594 562
97 10
704 30
832 67
926 909
362 254
14 543
457 130
119 994
871 51
383 810
805 897
790 353
315 413
210 77
746 939
874 228
720 770
392 829
836 184
399 602
108 252
349 801
104 758
529 737
309 329
789 95
665 417
224 831
190 452
342 259
918 556
462 664
176 257
846 770
404 273
119 324
855 48
538 456
454 747
220 969
846 941
462 954
899 667
388 156
526 990
673 58
472 805
894 744
460 318
243 694
873 531
17 335
414 731
221 551
4 83
152 998
708 763
368 52
60 346
598 222
431 237
182 813
588 546
778 407
782 896
179 237
532 687
457 499
773 707
162 904
605 404
8 684
914 411
643 235
120 770
282 17
822 927
948 718
219 758
39 479
218 943
535 62
809 278
434 711
112 501
76 238
675 312
269 535
509 242
127 807
573 457
564 992
176 993
747 346
654 698
625 826
719 331
250 833
636 22
760 910
278 521
873 401
266 65
214 395
2 583
884 311
155 859
742 189
85 662
397 826
767 730
119 103
897 210
994 854
464 89
229 215
176 301
904 267
488 111
324 765
488 537
971 618
210 900
986 101
255 824
163 646
497 112
333 714
320 727
657 680
859 270
473 511
240 478
376 177
773 210
811 419
423 985
136 233
245 760
215 623
596 698
189 380
155 308
820 2
971 182
98 532
972 197
757 617
332 356
78 832
317 24
982 298
674 603
677 360
170 746
327 76
143 573
348 545
863 130
616 453
726 670
209 594
362 389
454 445
37 235
866 21
773 551
321 56
335 458
670 945
417 873
344 823
574 429
830 571
391 309
801 791
18 603
296 841
315 231
575 845
282 484
585 197
178 277
396 348
554 712
993 120
81 614
580 584
894 94
90 732
449 771
421 832
723 448
172 458
689 240
837 456
31 1
56 723
759 875
561 62
376 836
543 120
665 488
495 241
480 738
120 329
46 561
395 331
414 181
974 397
348 142
57 457
954 953
49 937
556 21
893 180
685 712
321 381
765 378
643 824
406 822
869 268
707 417
893 406
820 677
125 524
80 147
333 639
887 184
697 484
77 241
611 298
683 201
191 502
263 933
985 837
710 445
752 323
199 952
916 928
645 302
494 652
545 906
451 903
985 195
288 413
291 558
933 99
330 8
776 162
45 611
501 33
196 977
89 679
130 483
745 824
467 94
984 436
801 834
331 575
391 281
12 82
395 858
801 819
515 125
183 923
918 106
213 672
642 104
770 85
755 529
974 813
248 77
728 727
966 689
310 437
572 856
422 851
224 54
353 662
798 398
486 330
659 836
199 750
719 904
25 180
232 464
859 797
881 965
102 474
799 576
559 928
724 745
841 651
271 808
529 100
845 243
759 621
975 592
725 813
689 335
786 739
205 776
141 984
254 547
935 454
417 56
327 725
122 265
217 751
475 675
10 822
726 312
712 406
734 983
266 668
172 528
606 63
860 677
402 777
986 895
329 592
493 861
994 322
886 988
96 434
763 3
892 357
507 961
401 92
754 322
672 49
639 525
730 491
715 117
364 93
476 551
743 547
688 811
157 17
827 524
424 41
190 560
230 717
526 430
490 278
1 545
678 293
899 24
994 134
889 420
727 924
853 705
471 753
657 478
732 566
54 558
550 355
255 251
280 535
26 7
638 543
749 513
145 659
934 669
79 62
893 726
729 621
987 529
310 486
298 7
974 950
188 902
505 638
14 830
258 756
667 592
889 992
358 429
201 486
537 124
868 618
153 331
375 554
376 892
620 679
552 671
772 848
111 988
890 913
329 805
396 936
346 207
552 558
384 928
759 625
870 298
896 11
275 438
573 985
371 673
924 601
820 922
203 936
591 757
578 724
544 620
939 477
990 601
132 267
493 944
955 871
958 10
464 698
817 890
473 188
934 19
612 137
356 451
632 839
118 342
156 951
236 229
277 752
754 358
312 749
482 37
670 696
32 252
731 954
700 683
724 289
47 60
640 874
734 414
9 621
874 517
289 731
101 480
344 860
397 238
629 285
44 613
938 397
417 829
144 19
331 711
690 2
747 63
909 228
715 605
992 806
59 209
611 540
480 10
832 991
376 774
83 215
528 56
710 976
253 795
510 186
478 660
318 969
762 778
749 775
845 968
457 927
663 699
685 31
618 194
376 809
399 441
36 453
32 157
189 981
488 178
785 858
403 369
750 753
445 700
617 923
689 262
927 772
369 322
404 327
67 7
991 853
215 903
695 409
608 289
665 734
914 176
851 647
526 665
963 961
124 67
367 937
657 687
802 304
643 876
493 3
498 923
535 877
397 765
492 189
293 316
428 769
209 878
329 616
646 387
224 825
338 742
553 281
806 69
972 341
39 622
494 864
579 730
504 992
197 323
734 122
130 284
573 40
866 18
406 433
559 117
853 264
692 906
254 287
844 637
793 757
353 62
5 989
11 656
365 815
6 661
705 434
227 978
448 901
253 846
442 239
335 152
267 456
435 814
334 32
637 665
462 662
786 966
571 247
315 309
194 574
361 23
414 43
801 758
940 87
38 710
224 760
134 53
600 835
472 674
324 323
255 19
988 762
536 491
171 48
815 891
569 357
769 379
113 865
204 440
647 382
345 374
454 560
57 170
755 319
96 640
338 780
285 842
323 427
752 535
699 708
920 663
869 668
324 775
932 772
148 641
636 232
677 442
180 498
311 748
187 930
739 241
79 624
354 177
501 270
653 641
66 893
175 77
749 472
382 515
960 273
62 497
984 151
69 475
520 217
743 265
30 371
758 72
631 762
779 981
11 559
340 465
14 662
309 782
457 27
497 68
22 28
171 946
922 102
979 107
942 93
409 97
413 657
14 944
559 732
118 612
799 205
215 410
676 920
605 110
418 888
439 210
867 783
600 402
603 629
231 652
332 549
81 867
209 9
512 675
15 528
966 592
647 735
935 739
910 338
884 249
334 222
245 897
841 73
885 721
798 56
980 827
72 344
76 256
702 468
759 541
25 582
972 63
726 462
138 175
253 880
458 704
568 948
960 770
423 130
547 598
270 275
76 783
351 428
265 433
657 631
506 327
507 226
185 362
494 476
425 187
892 247
307 187
77 541
192 713
1000 688
503 263
570 750
113 329
781 570
632 923
477 419
677 303
493 638
277 689
888 928
740 641
615 535
106 549
689 251
697 594
882 622
345 64
815 38
835 828
386 122
615 757
328 469
880 226
438 910
409 180
710 90
540 935
760 295
233 361
308 841
785 450
880 960
827 203
295 625
637 720
927 124
949 724
490 235
127 658
412 466
568 496
758 528
279 681
449 818
509 974
478 987
306 856
73 675
76 582
116 839
190 458
262 55
390 248
375 986
466 914
927 803
59 737
479 936
765 479
185 59
519 234
867 833
446 178
29 122
856 409
310 589
686 792
234 827
18 380
420 696
129 701
574 793
503 251
990 969
872 185
191 299
952 113
566 870
928 234
695 888
700 582
666 850
242 448
981 91
928 89
251 370
568 48
333 408
914 100
74 281
80 634
152 791
942 622
140 412
674 676
416 668
790 546
352 538
960 345
299 809
303 929
931 584
236 388
934 845
22 779
689 526
453 695
370 997
574 439
353 17
10 722
11 631
743 613
88 290
287 258
326 812
221 26
672 490
889 48
463 461
710 70
567 971
969 72
932 68
457 188
712 145
6 569
23 885
706 825
339 320
214 828
789 302
516 554
986 710
212 56
215 322
520 700
797 612
488 804
286 251
660 428
879 280
861 381
242 960
684 474
479 750
560 200
922 483
267 794
883 74
918 607
742 179
814 540
582 584
342 301
110 313
601 703
594 378
119 437
181 18
259 952
167 99
115 274
503 669
924 958
851 646
319 932
507 76
471 745
57 141
954 645
994 950
591 712
722 617
850 562
815 580
929 961
712 431
328 745
994 553
333 601
948 74
165 352
791 556
694 436
781 598
857 144
75 127
811 323
795 838
62 331
464 566
691 281
543 792
307 96
623 558
70 158
19 404
57 585
478 27
661 958
256 272
800 286
987 924
144 850
326 110
164 157
148 890
836 516
153 932
351 969
852 226
321 622
785 223
236 383
690 84
610 415
763 743
638 497
783 786
418 738
861 14
488 610
362 71
110 665
612 891
626 859
53 239
409 910
747 312
710 844
822 266
769 190
755 853
974 241
82 254
437 320
245 571
836 242
713 329
440 739
516 947
253 354
915 995
509 728
882 338
168 976
405 525
320 791
195 441
789 887
523 311
428 561
218 237
848 108
691 584
703 38
119 191
910 324
364 710
130 778
75 504
891 191
786 833
52 22
143 460
844 79
596 728
298 359
616 246
674 522
235 704
491 616
939 498
216 147
471 817
938 19
520 75
813 954
995 939
721 417
636 975
226 769
573 228
313 828
45 609
887 766
84 249
430 485
442 575
980 51
306 158
400 103
809 205
700 604
285 920
123 947
732 963
533 542
554 539
296 807
23 844
712 623
92 465
827 174
443 185
852 331
582 212
620 927
785 630
895 279
110 693
831 767
393 557
525 364
53 471
103 320
965 357
452 72
262 185
600 514
234 256
492 796
786 21
846 11
224 945
388 615
618 426
690 527
896 178
823 873
111 43
883 2
959 377
707 208
689 333
562 410
677 904
34 922
987 96
237 897
424 802
959 462
485 371
398 346
9 217
816 807
341 788
737 40
899 672
510 873
428 160
101 517
401 304
241 49
613 809
796 351
800 922
359 993
109 250
636 781
748 983
103 709
786 52
277 847
151 874
668 48
834 296
118 22
515 671
408 769
248 576
601 124
965 739
911 717
291 972
386 968
889 313
66 608
984 483
32 944
432 209
473 610
165 892
774 922
999 149
175 311
288 665
553 131
205 912
352 460
609 691
83 76
283 670
358 246
608 765
534 213
6 594
816 458
200 302
376 49
429 89
533 931
64 105
757 389
337 314
145 947
422 893
742 426
283 813
512 529
499 592
271 616
827 424
721 749
489 417
863 787
257 315
704 588
120 387
33 284
396 938
202 873
59 736
9 339
375 842
396 825
954 895
629 703
704 874
102 305
506 646
659 286
933 643
699 545
243 413
116 661
651 642
321 315
33 239
142 827
569 13
605 455
554 347
536 194
773 251
479 222
209 494
542 312
835 334
133 237
734 723
356 32
442 947
775 557
554 12
685 709
246 517
1000 572
875 440
412 346
753 932
311 580
352 539
540 94
212 511
359 376
214 905
749 304
678 244
311 501
98 482
67 881
283 348
340 411
70 4
184 647
176 567
339 101
925 822
473 725
349 68
614 464
322 924
383 293
709 495
704 283
723 41
628 38
157 595
504 982
968 384
938 891
616 476
272 407
475 176
521 784
439 789
331 948
922 369
326 945
223 839
884 131
119 662
447 399
695 245
846 67
884 306
688 109
911 397
946 976
985 526
697 130
823 710
810 847
964 424
638 707
419 789
206 623
882 929
180 834
378 464
233 563
751 785
247 946
302 729
564 244
56 451
754 166
534 101
114 329
132 120
338 899
981 909
873 524
179 447
142 49
127 477
525 259
669 800
970 481
754 392
312 651
810 374
259 388
80 615
230 254
801 601
87 892
306 328
408 889
497 281
709 533
446 965
947 160
197 321
142 450
455 649
277 601
387 505
391 417
979 957
666 363
939 853
28 620
835 900
487 393
825 362
952 680
496 548
714 430
606 470
79 240
675 473
859 532
788 536
880 521
20 642
497 747
305 236
767 820
769 189
613 414
119 709
400 599
168 691
498 358
873 114
479 594
81 39
392 470
20 198
669 303
863 119
967 590
399 34
994 164
171 67
890 681
191 140
599 3
214 231
324 611
55 973
96 642
778 328
872 99
673 118
111 458
994 714
960 966
511 641
900 202
394 851
689 449
343 101
798 189
23 282
373 849
667 450
394 802
805 452
553 379
847 633
353 269
149 152
28 319
644 981
785 822
973 799
922 723
724 347
377 112
785 41
382 995
629 290
222 136
720 473
11 545
536 843
255 192
889 126
83 435
601 429
577 30
947 346
788 990
129 303
936 481
740 803
154 138
176 846
233 371
196 257
700 145
495 791
520 535
618 456
779 258
309 607
701 569
564 987
567 767
563 520
432 6
894 90
580 90
556 327
298 595
685 101
985 827
361 241
399 499
384 40
58 51
524 308
263 288
177 679
346 246
879 448
46 145
699 806
520 170
755 962
589 235
955 513
872 48
236 263
69 1000
659 370
109 471
146 355
602 104
837 783
282 722
172 674
911 953
130 926
718 677
975 902
204 787
497 287
351 76
27 266
209 675
653 594
826 850
191 612
305 573
674 670
269 218
97 947
630 327
499 963
886 253
616 497
530 65
183 677
961 859
395 925
821 767
679 753
227 526
505 432
92 656
885 93
843 707
362 250
624 281
254 420
213 743
709 400
75 567
729 626
159 115
736 274
989 160
239 449
210 73
675 255
512 611
345 982
680 313
935 931
340 660
956 414
172 397
524 250
671 101
219 170
606 586
872 592
346 347
276 2
133 647
405 866
746 216
910 961
323 41
622 463
345 609
422 687
320 801
135 334
138 254
656 639
976 220
6 441
281 718
601 705
30 307
893 377
252 328
860 614
938 296
277 192
264 823
462 958
928 270
527 286
584 352
416 210
627 258
703 121
335 894
624 524
686 978
934 391
807 911
433 485
66 171
223 217
788 535
74 692
830 199
27 278
800 22
449 184
105 846
423 949
645 210
838 717
624 889
878 578
239 944
469 510
156 848
305 682
168 126
520 147
973 807
45 680
192 100
796 298
48 860
343 967
145 338
628 567
443 917
672 685
981 413
16 449
415 475
571 401
754 809
334 297
724 113
102 261
680 263
770 105
572 61
352 88
154 194
83 216
671 827
512 976
896 575
898 197
827 233
907 145
727 624
68 147
5 258
254 162
573 566
850 93
874 87
267 143
881 817
609 258
186 53
281 287
375 523
600 763
985 883
171 739
572 609
20 818
778 224
462 329
73 558
354 757
726 389
229 211
102 675
506 798
324 761
769 845
518 73
403 10
232 88
485 394
894 558
91 783
826 470
82 966
748 747
565 43
716 393
556 738
375 508
289 465
146 58
118 262
69 706
450 836
400 433
140 528
503 457
161 520
113 674
645 310
459 879
999 617
622 752
934 796
214 438
945 254
440 330
738 132
239 58
342 683
933 476
294 691
602 535
896 846
783 638
870 658
853 646
330 325
438 937
942 68
47 473
893 554
912 119
362 50
516 633
202 292
899 161
408 310
541 986
380 562
325 351
845 536
978 123
502 363
168 946
915 139
371 828
591 362
295 281
522 431
723 290
816 64
263 319
177 698
823 665
458 969
348 421
314 373
722 150
245 80
979 637
12 716
234 524
54 371
42 667
794 938
725 902
453 667
824 425
454 676
950 313
185 113
424 983
280 347
281 646
302 792
105 458
967 990
38 822
976 51
411 864
769 354
952 444
881 490
365 25
440 144
350 887
208 860
599 352
70 630
199 150
56 480
735 352
994 698
5 489
578 172
748 892
70 784
805 451
717 567
540 16
504 912
748 147
554 852
852 145
28 339
451 792
657 101
452 615
52 601
588 699
663 203
919 61
387 468
598 484
840 712
628 623
790 202
900 670
44 552
763 532
712 514
527 601
610 417
630 131
705 403
193 679
378 621
469 786
418 772
790 20
224 91
64 692
118 635
508 751
676 923
148 348
850 146
44 221
281 181
690 299
776 512
707 948
301 859
485 256
581 211
812 105
154 591
927 840
327 620
882 485
440 368
37 946
82 874
94 792
189 546
480 992
411 558
266 359
200 511
609 901
649 318
851 832
602 198
67 72
221 828
99 320
706 168
744 11
997 359
893 438
930 416
754 156
994 751
646 300
544 290
191 385
677 544
791 598
830 40
496 994
134 739
268 561
571 968
38 399
204 867
196 787
669 929
441 438
17 384
19 462
312 580
187 560
79 710
156 20
815 178
526 3
326 918
809 13
627 786
352 736
667 123
406 397
576 605
245 910
412 534
89 647
587 128
970 24
386 121
4 440
705 349
702 22
984 404
982 931
162 976
549 196
330 266
649 694
64 498
214 932
567 992
879 946
366 739
917 721
442 307
300 821
324 179
487 289
188 543
974 781
784 249
793 125
188 625
615 186
287 879
862 977
578 876
837 285
492 770
440 669
155 882
655 513
973 94
276 242
974 457
450 189
293 593
806 784
780 657
694 843
734 804
204 451
556 872
741 164
467 787
927 723
108 615
311 898
830 490
557 594
232 294
377 514
583 726
490 803
934 388
812 544
962 85
502 922
912 674
821 798
713 957
4 88
726 817
29 443
982 259
86 308
434 301
57 562
520 438
579 381
445 427
894 285
332 961
679 438
114 916
725 212
410 710
340 54
583 26
537 966
274 740
793 620
407 960
711 2
467 173
397 234
697 988
992 988
810 581
424 152
558 799
425 737
265 840
722 146
568 623
148 583
719 264
614 470
631 556
553 660
819 350
220 209
809 404
314 282
721 557
993 192
41 691
728 542
372 532
700 467
757 264
885 451
922 383
548 277
589 511
955 253
404 109
618 81
286 9
219 38
755 920
703 728
4 466
746 317
251 649
107 877
660 141
475 961
422 712
777 943
741 486
1000 160
92 69
587 960
803 671
74 789
266 761
42 311
262 816
160 790
68 743
952 306
271 2
175 267
185 453
350 521
632 538
427 256
259 603
62 108
284 62
433 860
126 931
645 19
639 739
490 918
550 144
114 726
836 13
726 945
839 114
273 85
529 227
882 723
757 997
922 586
355 337
568 446
937 15
576 985
443 722
26 310
192 978
246 133
649 297
781 134
17 217
880 79
554 768
547 675
728 51
819 412
880 222
53 860
261 947
408 537
581 378
433 250
287 227
868 64
571 444
496 550
5 874
724 150
136 919
725 569
174 179
733 448
40 307
391 214
575 17
659 399
736 219
20 652
37 554
612 870
775 876
769 918
542 521
824 878
253 172
482 534
275 566
662 166
278 703
600 553
653 481
638 33
729 843
932 680
665 499
188 680
284 559
765 162
916 164
77 160
653 248
376 551
530 866
90 797
72 288
918 745
152 504
81 438
428 413
391 555
740 981
290 346
789 884
584 298
326 992
322 239
95 802
426 29
411 867
285 838
858 56
15 109
933 554
522 883
895 664
859 414
273 791
479 417
173 886
448 283
691 713
967 140
878 281
560 652
717 933
956 739
350 150
890 363
230 12
216 150
200 820
837 508
865 575
477 817
282 769
331 468
39 927
409 386
834 485
480 91
891 764
970 229
516 169
684 827
796 937
992 900
519 907
45 768
788 984
166 704
279 419
248 227
84 841
654 597
590 599
112 562
427 593
286 276
326 533
419 181
862 619
222 714
116 73
430 535
716 808
590 881
662 322
868 627
957 798
300 7
261 614
788 284
510 464
152 54
560 147
713 507
987 244
91 59
608 143
46 961
267 948
345 436
972 759
111 165
706 462
194 851
746 388
234 688
643 906
200 480
989 800
556 901
212 379
496 822
267 658
53 141
256 417
276 940
260 489
703 71
432 674
62 36
251 253
307 191
555 320
290 947
812 972
674 557
416 773
201 529
496 478
455 412
244 657
227 123
714 977
736 889
808 406
383 206
44 856
316 149
925 525
250 145
657 183
736 744
273 174
934 805
813 556
942 304
362 454
714 179
715 342
19 687
386 118
101 891
706 527
46 212
602 972
770 784
41 948
889 24
905 771
40 343
755 579
2 57
629 38
520 934
219 947
818 183
12 194
361 288
859 545
241 842
702 615
349 287
386 267
961 645
448 624
983 960
361 433
287 985
928 981
784 265
626 718
348 328
538 553
585 371
72 410
292 500
88 167
393 808
181 137
328 883
186 369
205 51
745 6
764 806
693 366
87 51
289 120
826 321
439 758
287 340
394 469
548 578
539 777
811 44
139 619
890 751
872 46
428 756
68 531
380 285
643 887
570 829
801 231
168 228
787 52
234 589
791 516
919 563
977 998
687 727
838 545
711 301
969 982
454 288
117 752
88 342
763 34
948 144
421 48
703 430
374 112
984 164
587 65
984 83
288 474
625 359
952 945
469 642
386 939
443 806
300 613
322 761
487 17
23 240
226 285
306 165
288 696
255 154
37 467
850 422
889 52
340 403
529 891
54 702
129 390
701 526
667 898
561 443
410 409
374 990
231 835
383 516
115 218
222 642
480 365
903 231
395 468
307 990
572 652
495 47
813 246
673 547
893 72
324 453
417 237
698 86
721 863
484 131
216 801
214 508
396 841
589 288
977 6
821 445
215 898
381 502
119 294
289 607
264 939
990 400
507 64
74 869
683 453
211 420
757 427
834 939
816 738
123 144
566 274
535 833
338 961
543 998
126 928
824 92
381 882
167 466
298 143
925 290
263 959
801 380
217 117
40 986
95 124
497 293
616 160
796 49
670 526
52 801
880 354
826 776
478 31
668 123
282 810
304 814
502 129
430 354
910 168
235 774
109 993
221 295
335 291
815 117
766 989
572 270
520 177
500 273
473 129
18 706
884 703
499 731
631 642
944 636
980 138
653 92
605 355
844 969
594 213
791 178
666 198
603 846
692 693
151 792
70 257
770 75
206 321
524 94
83 246
653 318
656 110
141 490
897 884
332 687
738 422
392 876
448 696
379 652
54 932
609 435
976 602
868 600
29 762
926 376
747 461
949 953
401 883
763 199
885 599
447 428
451 41
132 628
525 951
988 759
337 963
513 960
825 982
475 861
6 391
744 130
483 374
817 586
285 212
753 340
147 47
539 753
812 715
480 804
155 712
693 120
53 217
644 412
402 35
33 700
259 694
77 739
815 469
29 320
415 827
587 346
74 635
539 543
777 390
429 651
800 993
412 511
532 708
880 319
657 231
909 274
530 201
839 251
308 687
226 112
212 451
423 483
711 27
775 78
644 976
886 7
504 769
468 164
217 412
573 71
994 252
188 43
814 339
192 174
468 267
675 992
295 874
331 565
741 822
477 385
886 289
712 516
657 389
634 817
75 552
386 181
903 504
210 977
835 848
989 89
847 47
121 459
563 668
737 145
775 851
739 489
559 584
708 374
46 964
68 213
932 382
571 22
755 821
3 578
704 501
559 569
543 68
552 681
981 582
737 371
396 787
557 168
336 308
609 697
959 425
979 539
980 832
211 231
224 522
247 765
472 562
454 646
401 522
293 524
920 986
392 211
502 658
30 357
638 542
56 160
384 663
332 174
482 326
375 49
602 119
655 227
958 846
995 156
389 795
303 197
765 634
787 136
661 687
810 43
818 526
191 528
910 70
164 620
551 368
496 84
259 432
26 589
355 283
672 55
965 606
692 186
714 990
773 368
235 215
4 132
353 302
268 273
718 809
386 964
460 725
411 315
583 193
651 668
363 34
326 170
738 42
424 190
407 815
140 170
527 526
487 125
288 669
723 202
109 715
559 409
661 565
951 323
555 922
202 334
467 798
426 909
271 71
681 756
906 723
245 381
528 97
272 431
707 517
45 150
430 560
573 640
8 788
58 695
409 92
512 307
342 282
807 324
205 50
912 706
444 954
48 371
634 354
323 187
107 784
538 634
557 430
100 431
622 300
432 752
930 339
548 774
806 486
699 658
521 150
61 693
835 306
29 151
469 80
753 237
878 856
482 477
681 723
564 131
381 789
990 893
259 763
26 574
874 986
502 11
490 963
880 515
91 736
79 567
781 271
583 903
900 419
792 812
776 145
706 334
141 1
292 435
277 577
207 256
301 107
417 838
258 110
739 379
213 512
150 19
404 922
79 24
71 644
457 816
591 125
439 224
794 401
372 133
727 525
68 158
783 987
932 295
161 603
976 639
630 500
757 278
615 216
176 119
733 781
571 94
58 7
241 544
501 990
210 477
160 586
314 463
358 572
39 83
205 167
759 704
47 580
447 254
80 298
811 11
260 275
647 673
178 644
604 578
555 14
316 538
463 677
320 605
912 881
506 376
678 840
133 205
523 637
504 665
472 183
154 624
912 557
19 298
222 487
596 560
736 785
639 626
985 127
986 928
625 32
532 628
809 937
847 609
632 984
377 495
506 205
71 151
203 359
386 797
460 654
464 841
361 931
17 223
460 797
755 124
356 990
250 313
859 912
438 984
619 940
28 616
868 677
274 1000
224 195
355 586
619 74
119 509
984 765
162 649
572 988
297 171
42 834
745 385
448 697
642 161
241 738
230 709
177 302
271 684
443 495
63 782
470 772
825 763
453 730
517 725
497 858
405 935
506 984
34 115
863 996
313 56
191 418
523 221
63 236
68 694
894 766
588 445
518 80
21 728
298 959
885 793
829 223
545 470
657 764
823 599
312 111
129 591
902 834
639 931
488 336
680 462
716 424
310 697
518 370
227 205
655 63
90 351
916 585
611 339
120 788
398 191
222 451
340 138
594 938
532 520
37 86
717 564
80 583
932 638
796 133
869 969
174 785
213 885
70 934
625 349
280 77
682 300
80 726
87 909
914 331
59 448
84 900
227 615
466 469
103 8
178 417
312 117
226 437
841 112
706 918
516 600
131 762
120 31
693 852
128 916
883 378
444 706
465 659
106 417
968 476
660 498
314 50
741 713
391 986
196 178
932 718
223 667
134 120
102 780
286 71
551 969
474 431
882 480
20 119
3 867
940 192
330 366
641 229
493 274
828 781
57 807
302 968
267 519
199 448
626 876
642 713
630 876
575 165
977 222
747 396
782 449
547 604
952 492
275 917
919 696
968 630
643 682
881 395
699 742
541 23
816 570
66 185
450 792
934 494
493 854
386 560
646 434
423 623
942 997
853 150
251 364
462 851
347 817
496 85
226 930
231 439
181 654
643 473
636 655
274 364
517 304
724 276
65 401
487 158
127 247
532 659
679 540
139 519
912 261
469 608
731 885
308 930
724 490
317 940
818 83
122 324
25 349
487 461
274 816
314 773
991 589
278 936
586 169
144 460
220 127
516 572
28 886
875 829
246 903
851 180
447 257
448 737
91 379
555 712
457 629
758 645
46 513
803 390
850 40
471 12
88 964
901 637
82 301
176 170
252 157
289 909
181 151
780 771
986 486
460 562
829 892
837 973
91 807
517 975
209 336
892 51
398 426
661 480
765 684
806 374
130 975
238 788
848 184
481 545
228 298
925 348
420 900
424 351
153 281
397 436
939 561
647 768
249 287
47 84
674 702
97 979
494 847
614 792
420 146
304 659
302 130
654 215
884 566
97 844
633 882
814 281
799 591
247 514
196 528
697 993
183 826
889 73
175 470
88 296
658 908
733 328
634 808
352 493
448 944
417 679
805 988
992 829
40 346
495 986
857 801
233 335
824 998
914 708
609 36
383 689
963 509
399 529
571 224
538 923
187 251
614 134
617 866
763 940
858 636
909 592
694 238
399 390
833 906
650 320
157 368
980 870
767 637
530 681
59 658
8 896
466 624
416 421
418 271
757 227
377 848
323 150
940 351
683 438
333 369
595 546
462 559
808 901
552 815
76 213
907 575
364 728
735 507
117 944
603 63
198 595
697 464
282 534
355 116
800 644
854 142
610 994
540 921
212 314
69 607
985 126
861 723
454 139
881 189
835 253
354 23
565 491
607 96
296 132
350 475
830 961
120 584
541 402
523 939
502 310
715 387
573 111
40 137
10 865
306 244
685 440
545 689
909 176
895 27
148 614
370 658
560 686
853 627
987 545
898 96
638 330
628 420
646 591
370 628
599 613
91 306
993 850
261 628
508 345
751 271
856 576
430 361
462 318
949 808
43 968
57 352
220 756
855 882
133 731
6 91
926 24
397 854
587 752
755 230
846 211
719 579
560 456
485 345
177 920
100 96
549 590
233 641
626 216
347 409
886 558
454 898
891 196
460 239
322 200
626 442
938 14
920 525
596 742
678 964
203 36
995 64
88 932
880 384
83 190
494 660
526 43
675 815
801 632
13 878
330 48
297 201
827 617
75 972
828 134
611 238
398 197
247 714
182 527
532 990
347 641
610 445
352 405
631 529
745 578
546 661
876 408
35 136
801 845
625 664
348 65
888 79
20 882
614 364
28 787
414 364
73 430
571 187
96 25
137 969
564 928
875 737
822 488
537 104
962 743
197 902
73 648
993 881
171 375
10 187
599 879
170 274
128 34
147 510
410 864
267 937
287 570
168 751
579 400
63 3
506 620
271 982
547 6
369 412
725 535
617 374
687 822
570 804
170 86
833 446
492 791
393 205
180 3
218 378
535 907
113 96
310 160
583 895
30 517
289 413
381 783
40 517
222 301
908 654
263 897
17 491
940 47
131 383
829 396
246 38
619 568
312 612
611 72
40 803
494 688
260 808
321 782
965 749
987 941
344 217
979 321
672 279
970 4
593 875
118 782
47 262
639 248
3 228
23 249
500 250
815 749
698 637
606 898
130 225
520 937
193 647
207 295
370 557
755 726
225 278
173 78
965 178
167 560
900 803
885 491
816 302
193 929
710 654
788 93
695 126
550 807
737 300
841 734
473 211
522 355
116 846
580 61
319 171
90 801
310 826
243 325
155 999
465 195
376 610
285 120
547 797
475 790
367 812
333 332
816 874
494 161
132 364
78 544
545 413
216 533
986 57
623 204
722 527
288 17
787 57
60 525
242 360
170 477
977 987
119 18
484 701
506 469
568 72
986 859
694 536
588 59
274 431
347 751
539 473
9 810
53 561
650 45
961 24
815 237
433 615
742 959
715 9
218 739
57 679
41 106
260 780
944 885
725 208
398 918
477 999
905 578
28 407
785 244
369 426
222 837
792 972
978 735
939 879
994 880
800 471
744 842
871 505
905 139
676 249
770 98
365 980
702 281
334 349
814 107
687 475
620 846
676 72
571 370
335 104
409 955
943 562
822 519
931 26
463 433
300 59
998 38
581 966
712 907
253 117
914 999
257 488
332 612
837 571
724 562
229 508
341 658
340 827
125 59
718 16
974 446
355 554
177 738
551 108
750 673
461 170
873 186
394 357
534 794
566 247
539 620
217 815
952 310
703 177
293 706
204 483
958 204
837 817
198 705
678 767
854 28
570 957
364 872
807 942
406 525
833 279
160 103
398 161
83 609
751 648
408 448
49 73
622 778
809 943
209 895
674 707
783 423
52 723
588 829
517 375
575 513
634 207
725 244
79 811
300 580
266 756
174 981
586 445
469 551
727 860
84 962
856 155
679 773
761 34
279 411
317 580
384 437
58 340
757 470
338 68
641 723
385 29
98 964
686 189
546 592
233 187
74 495
236 826
409 768
319 269
466 819
733 208
736 61
782 121
78 928
59 832
228 841
29 872
344 101
381 181
785 705
154 743
428 266
422 744
243 317
430 631
621 560
523 776
817 221
759 678
263 617
858 149
513 886
699 623
668 406
659 905
545 69
512 138
553 562
825 181
826 614
384 573
137 219
433 892
915 420
274 100
555 609
65 105
818 617
247 129
857 245
587 300
400 402
806 14
476 949
761 529
354 73
728 326
191 590
476 596
972 369
187 555
939 632
984 159
829 73
297 200
784 726
970 225
149 588
331 601
460 771
136 601
139 618
476 233
335 38
303 580
434 821
205 630
866 784
831 774
351 712
893 713
585 232
972 480
936 862
484 171
79 210
654 712
414 365
109 637
804 221
662 215
24 295
741 614
154 419
986 309
547 181
509 34
612 917
577 894
160 662
693 628
194 624
517 678
336 397
238 414
483 552
124 334
497 836
884 368
198 864
547 864
842 812
96 582
647 453
798 947
301 649
531 724
76 143
574 666
939 11
975 889
216 570
507 13
159 652
570 805
175 848
977 877
616 59
363 586
594 622
76 109
282 732
878 334
655 984
556 566
117 536
8 100
809 307
36 594
147 667
815 200
985 181
978 682
529 365
455 297
724 278
248 583
739 34
781 377
640 903
678 195
886 102
743 427
265 966
322 657
1 568
323 747
157 949
636 712
550 664
808 71
257 967
271 117
69 106
589 867
119 121
735 549
405 424
362 224
883 427
476 19
426 744
227 221
594 221
944 500
430 567
15 975
200 68
182 84
510 353
918 984
25 159
300 487
988 916
257 316
242 850
342 281
931 300
938 496
276 255
564 586
267 980
380 59
551 892
720 312
462 224
225 834
707 66
356 60
157 61
655 802
802 434
566 155
52 33
773 339
441 794
885 991
742 632
104 294
358 881
911 197
513 702
787 459
274 138
113 946
482 361
172 749
873 904
615 1
431 288
786 881
4 950
190 921
502 927
498 969
682 49
351 174
873 682
558 727
282 978
653 705
800 155
838 711
655 279
540 85
348 244
732 717
696 459
519 261
188 127
926 738
211 198
984 454
378 861
116 72
507 691
127 122
960 127
526 258
585 838
248 979
787 722
205 941
41 916
709 493
103 82
231 921
898 44
479 499
719 132
426 829
979 43
827 107
927 459
253 786
14 880
382 110
386 491
638 191
766 496
107 693
20 868
139 126
132 781
629 969
833 904
741 271
723 268
410 647
34 251
93 540
833 825
229 76
746 294
985 998
234 466
915 975
309 36
882 294
811 878
133 886
891 476
780 547
967 611
972 827
954 794
721 125
535 657
190 200
998 611
431 742
401 471
744 57
928 376
265 96
51 435
68 627
472 924
859 280
259 606
812 626
762 581
601 961
263 810
947 749
43 836
164 488
839 472
772 407
222 490
558 640
135 468
312 658
973 739
577 154
528 962
910 172
52 732
291 572
627 183
177 678
445 315
619 912
678 267
774 970
921 518
136 702
619 801
486 792
892 763
73 197
828 83
44 578
783 757
26 68
710 922
239 406
794 813
405 480
686 83
652 103
525 495
174 295
509 172
571 145
989 226
77 488
116 114
10 419
802 967
966 722
492 929
561 52
319 268
984 909
396 523
381 195
45 450
884 238
354 945
997 905
979 658
641 109
590 56
2 545
7 816
559 775
34 910
39 227
561 871
321 474
603 44
622 376
935 421
82 533
272 965
81 331
13 742
251 103
276 969
169 824
616 647
311 886
826 726
422 181
304 993
248 846
908 740
69 672
715 242
971 76
900 64
578 166
820 415
35 737
31 2
865 562
391 300
991 406
351 887
654 226
469 472
491 112
18 768
2 413
296 98
938 689
210 536
288 518
861 983
292 502
441 798
157 976
879 823
394 816
889 7
35 317
932 53
26 88
870 873
173 215
836 937
914 608
609 241
535 233
349 310
836 824
837 1
234 86
749 821
366 555
793 107
97 310
405 117
851 157
779 392
287 881
509 33
591 167
578 770
685 94
529 342
7 589
238 336
93 723
774 284
626 905
589 275
807 348
348 391
573 858
944 134
86 759
289 87
381 457
574 520
976 247
63 13
199 445
897 385
561 649
899 563
646 4
109 464
830 496
248 908
543 977
52 80
345 202
627 732
648 887
226 863
99 471
9 931
337 606
894 842
331 56
905 249
874 994
907 807
583 782
143 345
773 818
152 772
891 945
875 468
322 460
454 209
312 586
179 755
23 420
245 244
212 483
472 400
592 385
463 210
253 698
198 101
400 44
828 732
4 422
357 841
559 52
84 916
377 134
361 521
417 815
643 9
170 861
211 11
16 107
880 874
440 871
477 212
318 840
135 882
466 71
643 608
490 65
589 755
76 778
58 269
685 160
155 471
73 328
366 967
760 14
888 67
245 586
267 152
305 301
71 962
24 435
153 337
604 54
831 505
137 709
51 779
485 21
401 712
492 58
476 617
409 537
764 803
581 659
217 672
659 441
626 828
128 447
20 133
59 617
977 174
392 356
708 810
585 756
894 565
418 456
437 476
241 235
708 953
363 664
273 688
934 303
301 445
777 224
926 421
854 502
131 447
494 385
596 681
728 481
263 854
530 363
568 74
731 662
750 182
7 132
496 229
96 943
777 450
173 697
66 779
708 750
821 905
682 449
23 347
249 284
50 279
605 711
607 9
829 31
334 999
212 7
303 936
20 274
865 491
849 942
494 829
615 559
260 925
27 954
196 531
734 23
791 52
596 220
944 597
624 173
697 855
761 4
279 369
505 710
880 918
461 659
154 205
532 701
590 656
520 726
615 609
64 754
319 410
102 30
155 143
917 465
224 904
336 722
124 657
225 530
436 644
661 77
869 170
335 706
536 409
294 441
560 47
209 253
63 244
111 168
319 94
656 594
539 907
878 203
99 672
600 755
981 706
161 453
77 873
134 496
712 472
737 535
350 898
649 457
243 750
872 158
411 778
566 390
968 689
623 339
866 484
939 368
815 429
448 309
319 530
197 425
843 529
428 906
637 171
498 213
145 132
255 353
751 620
169 14
776 34
154 19
911 668
571 871
187 638
244 581
843 564
890 51
563 203
969 672
142 458
952 594
930 369
650 243
80 893
487 437
749 669
404 562
718 660
128 622
457 246
791 201
101 527
893 547
387 556
192 404
831 784
103 198
982 217
783 906
505 572
953 592
993 855
121 524
529 533
400 591
220 170
797 752
854 515
567 490
310 881
662 410
168 842
43 342
524 415
860 730
327 534
533 423
650 639
612 672
685 684
502 536
584 449
535 216
168 641
200 458
20 189
829 929
427 213
786 916
6 267
119 182
294 22
616 80
89 240
955 953
596 737
647 935
905 220
707 379
857 251
485 794
969 913
648 186
153 764
423 724
456 907
183 552
517 472
294 835
230 589
505 66
311 388
114 982
995 803
373 123
240 768
157 943
529 36
732 549
14 668
249 500
595 359
830 706
500 225
709 275
399 775
1 508
538 141
614 400
960 215
192 730
534 177
687 413
504 450
33 956
505 623
639 700
568 779
37 712
81 968
10 324
767 976
110 557
989 374
383 987
738 550
632 45
44 107
172 48
565 519
214 607
716 949
275 713
214 462
380 930
967 66
475 926
987 455
538 752
940 201
392 329
191 91
952 257
879 174
147 225
369 401
702 429
105 431
252 458
398 466
826 393
630 659
872 71
69 865
212 112
839 381
554 511
649 1
463 665
211 612
782 231
696 100
380 469
38 55
646 438
419 396
30 923
934 125
117 663
160 272
493 434
347 930
170 681
585 590
807 618
74 461
402 452
779 922
363 25
421 815
317 577
101 869
689 305
364 389
259 119
671 702
487 457
895 476
555 913
131 845
887 872
67 587
345 941
810 797
595 97
524 99
653 321
76 666
3 532
847 191
465 945
542 587
710 653
841 882
205 459
152 233
116 218
353 568
483 761
104 738
211 582
51 925
858 535
511 498
647 5
336 277
209 25
617 932
979 589
319 212
622 471
750 648
788 429
845 140
442 454
59 763
208 223
105 361
531 645
418 342
114 233
560 403
523 281
981 557
931 755
505 558
986 405
180 460
588 449
916 440
96 723
99 276
84 119
56 769
748 767
548 771
660 837
241 123
42 124
603 59
941 812
469 91
569 133
146 462
311 776
189 364
227 9
445 194
339 579
636 187
514 869
161 651
345 86
293 519
631 112
759 63
688 740
1 975
308 765
492 114
293 111
8 145
486 528
268 675
883 988
293 240
866 146
39 972
153 549
173 602
524 799
156 680
635 368
588 415
956 903
169 307
297 262
409 380
430 42
692 953
399 469
645 525
649 586
710 45
107 504
644 715
886 354
482 636
84 792
182 357
495 998
650 142
831 856
11 847
193 864
288 924
900 554
922 215
814 985
908 422
680 285
226 435
413 292
653 502
641 406
436 534
997 915
180 531
306 882
492 861
168 879
470 96
358 678
191 340
759 558
134 215
225 214
747 658
894 711
639 894
751 58
826 367
652 923
690 814
379 147
808 905
20 265
630 680
445 772
462 994
891 316
29 197
178 641
954 634
886 625
62 23
827 218
605 919
569 161
462 884
700 909
402 72
421 252
756 817
246 323
526 817
393 411
621 397
624 703
454 892
153 743
616 275
619 628
708 707
661 944
114 544
558 753
834 361
878 444
892 535
765 799
921 667
337 269
815 115
209 592
97 729
764 826
553 32
539 494
61 265
545 708
568 675
71 432
662 893
990 158
991 739
809 859
481 239
248 206
965 85
185 739
383 704
22 510
462 241
524 84
14 850
399 704
292 912
758 551
210 9
854 806
176 953
413 932
551 706
163 133
857 42
387 973
871 845
864 229
189 782
301 891
798 184
176 231
803 322
842 676
42 752
243 145
114 222
314 492
190 283
873 155
746 427
453 999
702 438
595 706
968 517
212 934
251 904
358 940
930 293
661 435
5 63
426 4
29 169
820 212
786 804
180 43
327 452
934 372
238 865
720 32
425 324
989 489
688 590
982 96
754 195
937 289
648 812
332 301
631 139
194 266
986 798
456 829
114 757
130 645
62 365
100 928
265 717
361 864
711 128
605 669
19 442
203 425
701 170
813 944
60 198
286 816
15 309
584 892
895 884
640 958
937 108
939 650
135 725
651 71
16 355
183 713
656 661
683 641
353 230
279 218
230 684
965 709
37 260
359 378
387 365
796 983
46 50
533 548
846 189
828 480
776 539
462 162
135 776
942 104
33 962
303 566
554 656
689 744
82 145
193 808
3 62
343 346
272 441
435 791
426 642
634 533
357 874
457 604
846 486
993 882
7 112
157 387
941 754
343 440
147 405
901 516
495 109
871 966
711 877
875 515
713 508
608 370
789 959
239 104
958 990
214 51
390 154
622 427
660 76
823 656
57 497
573 969
99 618
996 228
802 429
52 316
164 982
47 635
252 459
994 628
778 277
29 141
937 396
185 375
95 924
702 140
226 861
958 26
706 211
669 989
742 701
123 463
307 132
750 152
94 348
991 214
739 137
78 789
621 85
469 152
911 817
75 49
921 817
762 861
356 558
397 28
571 817
757 934
919 379
903 790
118 96
579 526
32 859
568 381
883 880
730 979
551 795
921 595
669 513
739 257
191 845
602 312
416 617
36 898
581 332
316 498
127 976
460 945
944 570
587 541
137 56
440 873
215 820
228 712
852 258
175 543
625 696
331 821
893 20
339 286
508 447
187 210
595 209
779 438
399 425
440 566
223 853
719 880
23 697
997 894
135 419
764 607
51 924
512 666
306 847
242 849
573 779
931 576
279 896
159 446
567 301
988 774
459 464
646 964
206 895
320 826
543 201
159 591
552 937
751 9
869 406
797 473
877 651
787 351
526 568
85 328
120 10
627 269
722 523
338 980
53 357
32 443
180 227
53 283
769 602
38 193
905 138
924 226
526 858
359 575
514 866
678 945
436 260
256 674
611 366
369 879
596 538
902 553
308 387
70 705
351 824
834 258
265 517
395 722
143 556
882 566
978 953
463 771
688 963
429 460
72 692
640 870
914 381
244 427
864 1000
781 235
640 789
36 934
367 719
232 969
175 477
876 318
110 942
865 203
6 677
705 418
615 867
359 161
92 508
115 901
461 657
795 781
374 934
154 152
159 94
225 431
702 972
819 580
16 887
477 472
922 327
907 25
908 310
381 60
556 256
293 77
901 604
423 392
725 888
12 545
242 964
295 82
159 547
881 509
42 898
347 259
150 802
462 624
439 481
405 720
319 830
437 963
217 860
330 581
591 834
740 8
668 317
959 238
123 6
86 142
404 516
938 23
303 251
695 849
754 303
333 944
49 917
455 349
154 308
946 364
451 918
527 825
964 997
749 377
752 163
972 472
810 271
938 728
282 164
374 454
122 423
433 272
643 261
1 756
148 781
26 161
310 884
743 492
11 575
781 15
529 62
197 472
59 299
448 126
443 968
446 813
549 132
202 305
205 590
900 562
280 603
241 408
62 797
491 981
314 966
736 211
737 142
745 395
357 885
620 573
641 320
520 130
428 224
195 247
768 845
770 279
111 939
627 57
152 34
957 867
462 259
221 396
618 445
414 166
864 853
112 970
703 740
688 3
137 259
450 330
507 263
189 751
336 109
764 869
57 69
241 288
613 898
170 236
7 979
618 750
768 137
256 477
111 367
591 689
742 519
618 625
587 999
30 643
52 127
972 56
422 89
65 252
258 238
748 599
716 53
187 833
95 968
473 492
218 389
723 736
596 594
834 219
507 929
625 198
93 424
610 882
532 83
912 384
195 796
624 954
127 217
365 596
611 132
740 608
88 325
265 942
769 652
982 557
490 295
679 711
974 749
496 668
121 1
788 881
149 697
810 517
944 543
642 458
440 846
934 610
205 626
962 943
892 913
980 292
528 493
656 50
642 125
215 714
221 200
532 980
684 375
131 625
775 840
781 115
9 58
521 854
258 660
647 146
337 245
335 614
656 367
713 274
16 974
401 848
366 776
741 324
674 415
106 333
823 866
81 121
764 97
767 641
110 252
65 525
530 721
843 538
881 675
845 456
4 696
228 478
284 344
416 192
237 152
717 142
593 384
830 503
333 645
869 339
878 483
933 839
290 971
882 817
366 632
683 800
338 787
445 45
854 203
237 331
924 445
40 931
857 70
550 35
866 140
101 897
136 283
527 881
396 213
677 164
861 903
375 762
684 642
496 297
739 503
631 829
745 886
303 774
634 846
145 364
37 342
554 114
294 591
297 441
705 340
329 26
176 518
691 233
309 886
914 568
708 264
610 491
157 802
107 431
714 413
735 545
629 46
395 393
63 648
233 341
732 809
254 61
161 689
41 606
116 6
244 115
73 333
166 966
138 307
362 789
20 819
79 464
542 984
210 353
727 324
103 494
399 473
93 564
116 843
142 629
290 440
38 570
245 794
362 582
290 299
368 535
276 874
812 356
449 330
450 37
218 57
296 242
493 129
385 694
460 78
925 52
873 995
696 804
289 338
711 404
155 41
844 59
520 321
208 797
506 478
513 604
473 143
200 881
437 620
833 191
136 473
869 553
429 716
781 439
330 915
222 413
313 679
28 206
201 646
41 109
86 101
667 417
779 811
464 868
156 682
89 377
952 953
58 1000
274 733
448 23
443 830
447 798
204 130
122 499
13 64
499 711
600 26
130 518
651 290
896 747
58 714
644 693
349 89
921 328
120 895
373 339
653 129
770 127
20 514
862 265
165 615
993 110
577 623
990 35
301 103
728 749
287 20
789 306
386 487
836 51
641 379
879 703
520 680
392 711
928 777
250 851
510 564
440 723
498 377
957 862
300 455
266 115
508 162
254 906
826 11
239 50
115 448
559 113
954 861
963 174
177 741
604 859
368 932
169 661
252 46
859 126
401 570
224 567
959 11
281 688
659 327
109 260
757 205
557 540
794 894
670 197
854 422
802 325
397 671
750 119
346 889
19 85
574 801
756 908
833 377
687 514
907 898
657 555
251 204
941 524
109 38
38 226
320 451
188 245
127 454
237 386
999 530
138 687
269 135
787 822
678 188
554 870
870 660
377 97
412 544
641 874
986 717
715 441
476 403
981 757
22 83
605 458
953 921
202 431
296 936
278 8
540 347
465 535
463 4
709 316
518 499
697 880
559 940
245 380
12 51
417 581
608 688
59 8
904 525
889 841
887 850
780 40
54 781
20 661
605 186
385 16
684 652
443 262
753 273
276 494
998 199
211 659
305 362
224 774
850 966
104 230
159 480
118 505
537 176
684 65
189 893
284 599
25 160
345 423
181 201
147 345
59 549
124 5
970 863
90 149
398 330
458 721
95 644
855 808
632 464
670 150
177 995
548 758
40 753
523 432
999 445
476 924
555 99
96 780
80 129
687 550
518 312
496 209
938 8
721 392
445 8
283 940
342 880
716 133
888 802
343 119
122 230
447 406
910 29
827 641
792 764
888 913
251 423
182 743
154 332
463 250
840 867
532 885
509 505
268 536
116 269
813 737
322 936
399 768
386 141
853 529
801 958
396 374
100 213
399 689
236 629
789 505
37 612
813 111
86 218
372 85
562 133
908 409
125 299
810 951
426 640
603 576
31 491
128 794
974 217
775 984
599 756
685 866
837 303
91 389
823 972
405 851
85 751
729 991
920 4
613 153
850 829
172 849
444 942
157 163
179 60
342 353
587 395
723 660
655 981
397 965
345 300
328 574
882 253
830 357
209 365
873 774
204 103
199 334
551 181
375 563
492 784
321 888
302 685
147 933
164 501
26 691
82 791
263 878
468 780
126 992
420 623
557 774
192 710
924 15
564 38
783 196
622 852
18 958
660 625
916 987
526 158
648 40
408 781
939 603
693 508
602 691
269 32
148 855
477 925
84 33
286 701
748 120
940 385
478 505
339 85
219 763
956 220
80 983
10 690
176 662
306 265
788 901
257 843
295 663
667 768
62 986
709 389
837 80
489 226
987 623
571 364
590 696
659 769
841 998
497 680
188 523
894 125
993 924
722 279
324 490
474 283
862 878
870 341
51 783
841 135
716 555
642 898
627 64
186 262
495 496
775 226
137 346
233 801
238 82
523 282
39 789
265 254
413 430
750 489
185 439
851 870
375 124
123 143
933 536
237 123
240 417
498 873
344 681
860 671
31 901
268 121
162 980
168 216
625 418
179 476
770 649
331 169
260 891
152 868
909 338
161 52
929 636
937 25
580 903
598 344
105 761
153 987
615 703
76 161
785 238
532 202
49 299
395 771
474 776
588 580
577 765
357 637
653 128
982 820
606 864
383 297
277 156
6 554
427 515
101 632
237 151
514 121
201 338
31 241
10 392
817 8
581 63
950 236
201 291
339 429
218 271
515 494
315 660
437 336
926 404
822 761
72 447
91 512
76 415
569 75
137 741
673 939
548 509
864 826
149 406
191 15
444 422
713 523
811 242
891 157
551 308
501 760
946 855
677 709
513 876
91 792
133 146
920 794
560 257
246 676
30 677
622 67
591 844
523 484
229 523
325 716
507 185
933 909
682 143
887 90
781 585
963 634
303 133
622 925
517 95
270 85
986 936
667 287
152 832
541 506
134 816
763 182
195 802
217 286
628 888
80 738
544 177
507 741
260 637
923 215
283 308
452 645
2 212
850 496
888 707
841 243
903 132
884 823
980 258
339 250
335 966
508 515
296 711
685 339
903 284
136 784
619 467
287 11
988 132
419 131
81 992
778 542
953 596
114 762
393 653
968 55
551 588
418 72
745 171
673 966
671 183
506 881
73 614
275 286
383 769
665 362
684 66
371 841
246 887
266 487
855 427
158 169
803 724
769 452
264 668
321 477
57 75
955 622
795 757
423 140
25 741
164 780
366 886
171 204
246 640
636 24
673 2
602 152
195 706
267 753
826 608
65 242
526 865
782 271
788 299
566 614
713 914
532 306
735 341
666 876
901 131
812 994
562 909
568 6
532 417
971 67
807 729
463 935
232 374
265 754
478 223
316 174
114 579
815 978
835 673
506 233
203 315
959 704
133 741
640 800
671 561
606 30
168 176
791 120
782 613
417 759
903 499
384 407
865 98
849 549
187 90
558 63
676 910
953 519
954 296
224 965
577 967
945 923
513 383
915 703
168 524
825 880
604 47
111 969
239 4
112 197
833 843
6 175
64 988
11 199
285 508
629 288
807 347
276 225
258 948
868 859
405 963
33 508
626 789
920 948
7 928
546 50
173 314
273 574
381 437
424 958
830 362
595 739
314 400
695 580
420 650
886 525
784 710
282 345
180 10
521 242
483 123
803 780
74 644
401 188
682 71
369 832
242 462
351 176
852 619
249 410
213 63
251 356
951 865
588 925
902 723
49 979
583 922
956 776
98 96
761 416
889 347
84 179
361 978
692 818
586 285
364 227
293 169
888 541
960 506
465 956
748 121
571 528
787 591
407 636
809 357
232 976
487 116
182 482
383 423
701 798
334 729
61 447
923 268
68 397
784 982
309 997
19 919
575 833
941 160
28 735
432 496
324 166
16 255
137 45
128 985
715 575
953 834
409 928
272 408
736 157
367 369
150 473
998 61
50 613
62 817
733 800
663 533
153 340
780 983
730 550
103 488
756 502
519 58
831 484
65 717
266 44
177 767
677 974
203 635
954 913
115 407
509 659
494 57
228 109
998 633
674 131
968 364
533 332
591 762
748 763
705 661
864 748
351 502
172 276
265 479
949 301
753 228
19 168
496 139
920 733
596 694
373 763
533 978
471 942
330 782
282 941
838 686
655 492
626 332
535 650
117 375
892 527
929 627
628 869
311 603
203 370
222 18
947 83
415 681
515 887
899 212
494 577
41 252
574 470
317 855
925 920
838 475
272 56
927 78
866 315
53 906
54 517
736 492
187 420
480 170
597 753
945 368
344 585
340 913
192 397
419 230
77 510
496 787
371 161
465 356
376 201
931 3
611 747
336 727
634 584
525 679
547 115
346 400
992 386
77 288
101 170
765 147
419 597
628 157
404 487
557 231
171 436
233 883
689 96
224 602
578 617
526 761
401 568
418 374
555 347
891 744
406 843
82 555
85 504
11 493
485 446
329 942
332 923
474 129
297 66
33 134
821 165
199 273
950 587
458 413
947 981
977 943
616 121
900 692
949 257
347 595
866 481
995 223
557 828
89 8
472 128
611 399
260 201
835 567
855 552
293 15
705 71
668 77
815 142
31 671
842 692
952 993
256 943
122 418
472 333
629 337
376 297
818 896
340 460
947 220
417 889
589 963
398 740
884 641
520 778
540 341
638 400
37 509
809 364
198 56
739 449
892 983
273 151
185 743
536 385
296 712
760 365
633 225
819 564
309 590
360 533
59 123
297 802
349 986
176 957
943 735
12 275
513 274
897 314
435 940
479 675
876 737
456 236
850 834
797 715
889 538
855 309
233 990
965 405
548 387
493 404
348 441
522 290
150 739
635 663
699 937
104 845
466 588
293 909
295 115
209 246
228 86
156 411
285 57
146 737
988 632
848 459
392 289
907 706
506 707
852 23
700 847
835 57
494 352
795 613
445 804
446 455
985 279
418 398
7 754
891 77
415 813
934 507
807 843
222 313
491 137
530 172
435 16
329 565
927 564
890 686
148 974
791 804
856 433
307 507
790 484
312 547
927 145
120 620
590 278
16 359
473 528
666 289
714 21
595 486
407 882
926 902
429 214
329 889
465 642
762 360
858 875
106 244
13 360
822 710
533 913
865 97
442 146
426 767
614 356
500 908
391 47
174 325
712 748
126 66
272 445
242 583
284 233
617 657
12 311
250 806
163 165
332 596
484 367
819 814
495 989
989 482
811 910
956 321
962 622
393 825
831 855
569 688
275 317
81 126
320 978
599 980
803 755
248 22
419 762
422 271
6 462
65 514
545 280
138 862
177 956
252 80
199 443
424 959
730 903
927 739
470 394
716 374
919 691
613 970
125 544
471 532
441 737
8 412
104 357
912 690
289 405
796 716
592 202
39 705
117 737
243 858
838 579
770 675
109 893
91 670
479 83
293 118
743 706
49 978
348 586
313 761
813 912
286 784
752 238
532 676
936 485
978 608
190 544
875 232
828 162
279 250
303 752
18 512
883 658
923 271
292 984
106 857
434 720
515 73
572 46
644 611
528 460
747 208
931 921
225 302
682 436
228 603
282 351
604 436
286 383
931 102
16 949
992 8
23 580
63 619
120 179
673 675
49 201
555 707
977 373
119 640
910 803
971 787
988 915
759 976
924 651
707 813
307 699
181 158
849 204
405 998
194 795
394 329
288 298
159 587
287 518
757 30
163 524
229 425
336 40
941 517
910 748
765 231
290 665
114 117
377 925
873 992
235 830
20 481
95 879
830 406
62 124
247 32
398 772
620 369
292 271
539 544
42 8
649 32
868 188
839 493
91 511
924 109
981 250
946 501
412 313
506 76
895 554
14 396
734 511
829 25
118 64
602 661
992 633
982 710
559 97
47 445
514 418
678 369
792 980
637 818
302 101
37 472
500 38
858 944
213 647
785 270
633 196
63 681
746 877
339 337
508 616
326 569
847 233
135 221
739 648
594 184
125 66
966 632
613 509
210 732
444 882
985 894
569 639
592 552
590 39
722 167
355 594
651 97
634 811
998 312
638 787
732 332
901 745
224 603
191 9
692 381
949 253
199 498
110 187
185 96
702 415
351 311
669 206
800 643
837 936
458 523
845 397
169 948
133 17
7 632
503 9
821 164
256 612
441 680
996 552
389 200
156 197
692 439
749 194
363 523
100 413
844 90
114 379
96 978
649 92
503 839
820 19
199 54
774 107
540 914
317 39
820 386
878 760
340 286
578 204
340 239
172 919
442 699
207 377
306 26
902 139
127 182
562 299
46 168
549 63
754 751
719 323
810 557
976 84
830 552
746 513
600 249
379 970
843 431
183 902
334 278
926 570
343 732
440 805
442 255
667 970
282 356
453 285
305 267
348 229
685 591
23 543
82 57
503 979
124 604
729 806
859 659
842 463
55 494
573 621
777 644
727 408
949 910
237 620
128 160
607 850
426 461
707 852
889 537
229 24
876 881
419 624
827 351
386 373
797 379
889 650
798 204
824 455
676 552
271 852
591 415
59 550
25 634
635 519
122 702
560 639
403 266
280 424
815 760
982 155
218 252
769 740
350 977
156 186
587 710
185 350
170 10
906 390
856 741
273 771
833 203
407 344
246 416
364 987
355 232
784 544
69 570
711 127
937 198
956 870
133 457
383 581
568 183
506 247
198 225
162 290
554 857
224 50
701 22
459 663
995 809
42 217
377 2
684 815
442 462
183 885
865 134
24 994
791 122
649 27
125 218
213 718
714 101
535 113
499 305
121 359
819 738
605 205
418 793
36 654
516 578
314 998
166 847
571 930
888 447
407 595
207 587
254 148
689 3
368 559
72 27
55 498
594 128
860 60
690 687
931 171
158 493
347 48
936 755
65 743
229 60
391 861
984 799
91 55
147 265
404 408
337 907
64 845
927 972
217 589
894 689
343 149
716 657
110 128
424 785
389 477
691 885
267 561
489 609
313 211
995 427
940 472
134 291
122 14
730 900
198 758
159 884
261 426
840 48
7 576
472 859
833 294
707 285
800 937
873 549
252 678
324 875
718 907
248 881
869 561
375 296
748 966
342 915
863 23
558 707
136 432
526 157
175 113
913 168
340 4
26 449
402 431
277 705
574 169
566 797
149 519
204 630
994 108
173 385
744 579
433 348
697 573
363 31
411 421
303 755
82 306
110 919
929 686
353 118
207 87
950 452
727 796
110 289
179 558
534 228
93 76
737 659
741 928
746 886
337 928
694 510
215 36
550 626
24 76
603 560
931 105
715 910
793 72
277 103
214 514
436 568
275 634
701 83
647 242
280 36
499 216
404 341
301 946
929 393
512 671
253 473
918 579
233 826
6 137
816 5
871 993
983 171
552 543
981 605
973 81
913 508
902 87
959 386
835 112
326 167
266 338
802 91
876 968
458 645
412 736
242 44
8 716
670 66
546 84
431 714
824 366
149 476
526 573
194 58
203 808
406 911
541 64
968 668
787 64
683 243
434 335
499 724
166 158
292 69
406 745
498 582
754 407
601 554
652 672
65 474
374 76
505 147
105 969
805 398
899 841
294 653
61 142
869 823
230 527
925 997
784 647
894 597
41 226
170 518
524 761
373 61
471 764
493 596
112 313
866 910
335 113
905 730
72 919
880 830
353 914
904 542
652 228
904 521
704 251
614 338
101 613
339 336
128 935
569 924
896 444
346 495
842 424
242 652
427 802
644 622
10 233
998 174
322 734
250 570
281 410
814 556
821 272
807 285
266 337
638 867
779 667
125 788
398 370
751 64
185 103
60 853
37 695
405 618
356 216
233 659
223 264
61 637
172 570
764 400
892 105
7 892
747 950
40 680
167 369
406 939
977 941
284 51
450 807
786 845
115 863
449 229
930 620
558 95
866 366
705 980
541 253
887 452
307 180
916 926
89 873
795 199
173 551
322 527
458 95
313 816
353 355
635 373
205 42
16 381
957 472
631 737
154 487
891 604
620 118
13 96
808 120
944 616
248 357
178 432
629 113
97 64
260 670
338 170
980 269
305 51
396 334
405 488
427 608
432 442
514 88
309 588
845 522
738 442
7 501
603 632
949 540
966 714
552 298
920 176
721 661
300 16
194 527
357 193
33 651
675 36
659 683
931 142
400 582
607 861
756 441
371 989
558 371
872 662
569 666
200 275
737 476
133 705
873 12
363 938
345 427
567 272
38 582
205 239
963 31
12 849
438 38
110 84
317 419
696 881
933 588
769 763
77 774
152 739
635 868
29 163
420 736
241 5
890 410
906 391
484 751
859 842
492 146
296 445
5 475
557 798
562 904
193 43
568 9
355 235
285 748
236 30
37 91
330 983
666 525
574 178
852 816
429 929
184 624
740 621
782 846
610 81
847 364
540 260
762 148
727 906
373 358
671 707
139 498
654 439
579 712
427 575
853 541
323 766
288 875
763 181
366 576
903 381
652 3
568 786
914 770
918 858
233 158
175 871
953 149
770 325
113 656
719 922
803 407
397 376
788 289
789 72
292 656
663 611
171 353
924 673
979 694
517 574
794 943
719 696
944 998
911 297
603 403
648 650
458 878
555 276
132 507
668 557
708 830
364 628
147 230
540 535
189 639
975 832
310 928
33 211
293 641
207 847
651 743
783 34
17 711
324 965
511 709
256 557
55 855
350 861
882 164
596 669
797 130
156 14
764 475
14 148
643 548
327 55
536 916
373 661
320 271
929 763
839 408
578 749
787 773
4 249
830 165
27 136
804 576
17 114
127 363
537 843
9 534
50 506
515 796
558 930
45 693
889 17
943 236
966 199
658 780
307 326
861 273
516 370
679 742
596 192
858 235
430 128
679 887
439 498
470 507
174 133
123 879
469 855
805 813
720 983
990 491
467 402
77 791
400 849
438 185
766 274
116 3
244 120
559 643
694 823
880 576
149 43
376 799
68 61
931 249
898 274
478 968
928 849
927 141
750 544
389 286
372 506
245 884
360 386
397 771
90 823
508 10
474 406
24 89
81 88
372 617
964 277
509 656
683 327
665 720
545 314
319 947
225 231
903 977
630 839
77 893
996 21
797 68
512 220
569 29
317 319
320 589
434 509
640 304
164 726
365 211
203 184
209 623
691 671
639 765
749 109
586 232
915 487
459 995
823 197
164 436
94 205
645 195
372 132
469 311
681 247
554 143
153 558
136 316
763 287
212 15
452 542
821 691
808 270
862 65
899 217
442 532
122 508
966 35
182 594
648 294
279 280
736 600
842 100
143 889
81 734
62 184
887 980
386 744
230 72
174 444
720 834
167 633
719 60
854 797
107 684
197 342
168 528
206 16
119 753
193 923
140 646
185 795
628 105
832 638
106 383
968 110
339 735
792 677
172 134
45 400
376 537
341 521
413 108
731 145
489 286
21 359
243 299
741 488
860 426
259 939
302 506
447 226
877 873
792 297
885 954
677 594
808 799
240 449
706 226
561 685
394 732
178 922
549 761
702 749
576 521
484 217
776 91
668 217
598 158
411 32
434 195
431 818
201 724
551 300
792 741
977 735
744 766
726 818
857 897
326 460
180 339
887 741
162 840
624 995
201 822
804 382
416 760
701 978
371 499
103 24
560 112
383 376
990 272
519 554
903 395
638 486
732 895
970 804
519 699
576 403
153 70
283 967
488 595
917 396
719 16
408 180
286 96
141 622
465 470
555 525
383 956
686 421
391 891
910 793
747 585
115 404
646 131
556 259
993 585
703 738
615 470
832 202
950 409
305 811
57 478
923 165
86 851
177 917
877 700
276 815
479 864
225 897
63 97
691 904
910 682
894 629
135 588
337 728
247 117
618 635
74 541
237 63
40 645
973 459
575 107
905 123
403 886
781 536
204 799
58 526
117 522
65 103
19 338
114 748
429 527
965 621
43 104
236 31
844 350
298 624
682 272
369 523
813 570
724 363
445 342
597 676
987 971
531 461
148 815
762 149
435 465
183 887
779 596
28 576
782 617
932 62
921 267
464 381
898 237
934 759
906 203
482 686
525 266
201 366
148 355
31 251
991 883
794 477
577 987
859 753
966 567
736 100
427 877
580 189
564 301
268 276
86 546
37 978
992 201
393 830
517 573
556 85
996 284
100 297
342 378
825 908
38 611
155 901
658 585
170 202
958 803
399 649
693 62
74 942
368 719
809 677
702 292
406 993
703 117
202 733
659 243
848 200
276 545
80 354
743 793
617 413
141 423
234 983
181 748
990 882
973 576
999 704
838 582
682 466
994 448
212 389
395 687
70 879
911 687
951 914
917 814
311 627
368 139
260 787
709 588
694 406
729 134
496 210
731 976
456 574
605 109
184 525
24 802
340 400
373 907
676 490
880 133
827 910
793 530
331 639
387 289
596 193
762 169
211 165
952 641
349 79
62 844
712 557
823 363
366 754
827 876
130 244
858 842
430 867
569 789
295 404
244 121
136 812
633 739
623 480
654 690
514 1
770 439
681 624
133 351
480 351
962 687
871 829
177 273
90 661
401 933
400 624
777 706
780 979
286 28
768 779
182 85
2 591
868 72
621 972
158 90
397 770
277 857
43 150
389 430
752 788
626 821
789 845
797 937
100 92
34 830
21 388
474 169
508 358
823 176
740 140
280 389
601 578
68 513
317 664
626 23
789 559
276 598
111 955
652 592
674 865
716 484
460 298
429 693
468 813
655 123
604 657
700 592
312 785
757 609
829 308
523 733
598 115
265 701
53 518
401 45
293 23
166 239
189 70
942 636
544 59
451 931
804 613
190 624
575 615
510 806
67 864
321 656
529 75
749 688
879 769
92 725
681 400
277 453
539 30
383 327
361 381
126 191
474 900
383 724
296 720
651 422
890 528
250 635
112 616
24 762
417 413
237 756
533 839
366 1000
521 775
793 42
304 41
729 888
825 633
778 139
955 266
298 539
225 553
210 319
51 961
38 713
183 400
370 185
315 536
319 240
696 707
30 125
693 291
949 841
896 75
350 734
370 8
647 502
853 275
688 237
691 830
271 903
